224.7619484 23.6234327 0.0000000 0.9945219 0.1045285 0.0000000
221.0613578 46.9880421 0.0000000 0.9781476 0.2079117 0.0000000
214.9387727 69.8378407 0.0000000 0.9510565 0.3090170 0.0000000
206.4612734 91.9224813 0.0000000 0.9135455 0.4067366 0.0000000
195.7217413 113.0000000 0.0000000 0.8660254 0.5000000 0.0000000
182.8378407 132.8394670 0.0000000 0.8090170 0.5877853 0.0000000
167.9507306 151.2235170 0.0000000 0.7431448 0.6691306 0.0000000
151.2235170 167.9507306 0.0000000 0.6691306 0.7431448 0.0000000
132.8394670 182.8378407 0.0000000 0.5877853 0.8090170 0.0000000
113.0000000 195.7217413 0.0000000 0.5000000 0.8660254 0.0000000
91.9224813 206.4612734 0.0000000 0.4067366 0.9135455 0.0000000
69.8378407 214.9387727 0.0000000 0.3090170 0.9510565 0.0000000
46.9880421 221.0613578 0.0000000 0.2079117 0.9781476 0.0000000
23.6234327 224.7619484 0.0000000 0.1045285 0.9945219 0.0000000
0.0000000 226.0000000 0.0000000 0.0000000 1.0000000 0.0000000
-23.6234327 224.7619484 0.0000000 -0.1045285 0.9945219 0.0000000
-46.9880421 221.0613578 0.0000000 -0.2079117 0.9781476 0.0000000
-69.8378407 214.9387727 0.0000000 -0.3090170 0.9510565 0.0000000
-91.9224813 206.4612734 0.0000000 -0.4067366 0.9135455 0.0000000
-113.0000000 195.7217413 0.0000000 -0.5000000 0.8660254 0.0000000
-132.8394670 182.8378407 0.0000000 -0.5877853 0.8090170 0.0000000
-151.2235170 167.9507306 0.0000000 -0.6691306 0.7431448 0.0000000
-167.9507306 151.2235170 0.0000000 -0.7431448 0.6691306 0.0000000
-182.8378407 132.8394670 0.0000000 -0.8090170 0.5877853 0.0000000
-195.7217413 113.0000000 0.0000000 -0.8660254 0.5000000 0.0000000
-206.4612734 91.9224813 0.0000000 -0.9135455 0.4067366 0.0000000
-214.9387727 69.8378407 0.0000000 -0.9510565 0.3090170 0.0000000
-221.0613578 46.9880421 0.0000000 -0.9781476 0.2079117 0.0000000
-224.7619484 23.6234327 0.0000000 -0.9945219 0.1045285 0.0000000
-226.0000000 0.0000000 0.0000000 -1.0000000 0.0000000 0.0000000
-224.7619484 -23.6234327 0.0000000 -0.9945219 -0.1045285 0.0000000
-221.0613578 -46.9880421 0.0000000 -0.9781476 -0.2079117 0.0000000
-214.9387727 -69.8378407 0.0000000 -0.9510565 -0.3090170 0.0000000
-206.4612734 -91.9224813 0.0000000 -0.9135455 -0.4067366 0.0000000
-195.7217413 -113.0000000 0.0000000 -0.8660254 -0.5000000 0.0000000
-182.8378407 -132.8394670 0.0000000 -0.8090170 -0.5877853 0.0000000
-167.9507306 -151.2235170 0.0000000 -0.7431448 -0.6691306 0.0000000
-151.2235170 -167.9507306 0.0000000 -0.6691306 -0.7431448 0.0000000
-132.8394670 -182.8378407 0.0000000 -0.5877853 -0.8090170 0.0000000
-113.0000000 -195.7217413 0.0000000 -0.5000000 -0.8660254 0.0000000
-91.9224813 -206.4612734 0.0000000 -0.4067366 -0.9135455 0.0000000
-69.8378407 -214.9387727 0.0000000 -0.3090170 -0.9510565 0.0000000
-46.9880421 -221.0613578 0.0000000 -0.2079117 -0.9781476 0.0000000
-23.6234327 -224.7619484 0.0000000 -0.1045285 -0.9945219 0.0000000
-0.0000000 -226.0000000 0.0000000 -0.0000000 -1.0000000 0.0000000
23.6234327 -224.7619484 0.0000000 0.1045285 -0.9945219 0.0000000
46.9880421 -221.0613578 0.0000000 0.2079117 -0.9781476 0.0000000
69.8378407 -214.9387727 0.0000000 0.3090170 -0.9510565 0.0000000
91.9224813 -206.4612734 0.0000000 0.4067366 -0.9135455 0.0000000
113.0000000 -195.7217413 0.0000000 0.5000000 -0.8660254 0.0000000
132.8394670 -182.8378407 0.0000000 0.5877853 -0.8090170 0.0000000
151.2235170 -167.9507306 0.0000000 0.6691306 -0.7431448 0.0000000
167.9507306 -151.2235170 0.0000000 0.7431448 -0.6691306 0.0000000
182.8378407 -132.8394670 0.0000000 0.8090170 -0.5877853 0.0000000
195.7217413 -113.0000000 0.0000000 0.8660254 -0.5000000 0.0000000
206.4612734 -91.9224813 0.0000000 0.9135455 -0.4067366 0.0000000
214.9387727 -69.8378407 0.0000000 0.9510565 -0.3090170 0.0000000
221.0613578 -46.9880421 0.0000000 0.9781476 -0.2079117 0.0000000
224.7619484 -23.6234327 0.0000000 0.9945219 -0.1045285 0.0000000
226.0000000 -0.0000000 0.0000000 1.0000000 -0.0000000 0.0000000
