150.1728062 15.7837980 0.0000000 0.9945219 0.1045285 0.0000000
147.7002877 31.3946653 0.0000000 0.9781476 0.2079117 0.0000000
143.6095340 46.6615662 0.0000000 0.9510565 0.3090170 0.0000000
137.9453641 61.4172331 0.0000000 0.9135455 0.4067366 0.0000000
130.7698360 75.5000000 0.0000000 0.8660254 0.5000000 0.0000000
122.1615662 88.7555731 0.0000000 0.8090170 0.5877853 0.0000000
112.2148686 101.0387216 0.0000000 0.7431448 0.6691306 0.0000000
101.0387216 112.2148686 0.0000000 0.6691306 0.7431448 0.0000000
88.7555731 122.1615662 0.0000000 0.5877853 0.8090170 0.0000000
75.5000000 130.7698360 0.0000000 0.5000000 0.8660254 0.0000000
61.4172331 137.9453641 0.0000000 0.4067366 0.9135455 0.0000000
46.6615662 143.6095340 0.0000000 0.3090170 0.9510565 0.0000000
31.3946653 147.7002877 0.0000000 0.2079117 0.9781476 0.0000000
15.7837980 150.1728062 0.0000000 0.1045285 0.9945219 0.0000000
0.0000000 151.0000000 0.0000000 0.0000000 1.0000000 0.0000000
-15.7837980 150.1728062 0.0000000 -0.1045285 0.9945219 0.0000000
-31.3946653 147.7002877 0.0000000 -0.2079117 0.9781476 0.0000000
-46.6615662 143.6095340 0.0000000 -0.3090170 0.9510565 0.0000000
-61.4172331 137.9453641 0.0000000 -0.4067366 0.9135455 0.0000000
-75.5000000 130.7698360 0.0000000 -0.5000000 0.8660254 0.0000000
-88.7555731 122.1615662 0.0000000 -0.5877853 0.8090170 0.0000000
-101.0387216 112.2148686 0.0000000 -0.6691306 0.7431448 0.0000000
-112.2148686 101.0387216 0.0000000 -0.7431448 0.6691306 0.0000000
-122.1615662 88.7555731 0.0000000 -0.8090170 0.5877853 0.0000000
-130.7698360 75.5000000 0.0000000 -0.8660254 0.5000000 0.0000000
-137.9453641 61.4172331 0.0000000 -0.9135455 0.4067366 0.0000000
-143.6095340 46.6615662 0.0000000 -0.9510565 0.3090170 0.0000000
-147.7002877 31.3946653 0.0000000 -0.9781476 0.2079117 0.0000000
-150.1728062 15.7837980 0.0000000 -0.9945219 0.1045285 0.0000000
-151.0000000 0.0000000 0.0000000 -1.0000000 0.0000000 0.0000000
-150.1728062 -15.7837980 0.0000000 -0.9945219 -0.1045285 0.0000000
-147.7002877 -31.3946653 0.0000000 -0.9781476 -0.2079117 0.0000000
-143.6095340 -46.6615662 0.0000000 -0.9510565 -0.3090170 0.0000000
-137.9453641 -61.4172331 0.0000000 -0.9135455 -0.4067366 0.0000000
-130.7698360 -75.5000000 0.0000000 -0.8660254 -0.5000000 0.0000000
-122.1615662 -88.7555731 0.0000000 -0.8090170 -0.5877853 0.0000000
-112.2148686 -101.0387216 0.0000000 -0.7431448 -0.6691306 0.0000000
-101.0387216 -112.2148686 0.0000000 -0.6691306 -0.7431448 0.0000000
-88.7555731 -122.1615662 0.0000000 -0.5877853 -0.8090170 0.0000000
-75.5000000 -130.7698360 0.0000000 -0.5000000 -0.8660254 0.0000000
-61.4172331 -137.9453641 0.0000000 -0.4067366 -0.9135455 0.0000000
-46.6615662 -143.6095340 0.0000000 -0.3090170 -0.9510565 0.0000000
-31.3946653 -147.7002877 0.0000000 -0.2079117 -0.9781476 0.0000000
-15.7837980 -150.1728062 0.0000000 -0.1045285 -0.9945219 0.0000000
-0.0000000 -151.0000000 0.0000000 -0.0000000 -1.0000000 0.0000000
15.7837980 -150.1728062 0.0000000 0.1045285 -0.9945219 0.0000000
31.3946653 -147.7002877 0.0000000 0.2079117 -0.9781476 0.0000000
46.6615662 -143.6095340 0.0000000 0.3090170 -0.9510565 0.0000000
61.4172331 -137.9453641 0.0000000 0.4067366 -0.9135455 0.0000000
75.5000000 -130.7698360 0.0000000 0.5000000 -0.8660254 0.0000000
88.7555731 -122.1615662 0.0000000 0.5877853 -0.8090170 0.0000000
101.0387216 -112.2148686 0.0000000 0.6691306 -0.7431448 0.0000000
112.2148686 -101.0387216 0.0000000 0.7431448 -0.6691306 0.0000000
122.1615662 -88.7555731 0.0000000 0.8090170 -0.5877853 0.0000000
130.7698360 -75.5000000 0.0000000 0.8660254 -0.5000000 0.0000000
137.9453641 -61.4172331 0.0000000 0.9135455 -0.4067366 0.0000000
143.6095340 -46.6615662 0.0000000 0.9510565 -0.3090170 0.0000000
147.7002877 -31.3946653 0.0000000 0.9781476 -0.2079117 0.0000000
150.1728062 -15.7837980 0.0000000 0.9945219 -0.1045285 0.0000000
151.0000000 -0.0000000 0.0000000 1.0000000 -0.0000000 0.0000000
