100.4467114 10.5573748 0.0000000 0.9945219 0.1045285 0.0000000
98.7929077 20.9990808 0.0000000 0.9781476 0.2079117 0.0000000
96.0567081 31.2107164 0.0000000 0.9510565 0.3090170 0.0000000
92.2680912 41.0804010 0.0000000 0.9135455 0.4067366 0.0000000
87.4685658 50.5000000 0.0000000 0.8660254 0.5000000 0.0000000
81.7107164 59.3663105 0.0000000 0.8090170 0.5877853 0.0000000
75.0576274 67.5821912 0.0000000 0.7431448 0.6691306 0.0000000
67.5821912 75.0576274 0.0000000 0.6691306 0.7431448 0.0000000
59.3663105 81.7107164 0.0000000 0.5877853 0.8090170 0.0000000
50.5000000 87.4685658 0.0000000 0.5000000 0.8660254 0.0000000
41.0804010 92.2680912 0.0000000 0.4067366 0.9135455 0.0000000
31.2107164 96.0567081 0.0000000 0.3090170 0.9510565 0.0000000
20.9990808 98.7929077 0.0000000 0.2079117 0.9781476 0.0000000
10.5573748 100.4467114 0.0000000 0.1045285 0.9945219 0.0000000
0.0000000 101.0000000 0.0000000 0.0000000 1.0000000 0.0000000
-10.5573748 100.4467114 0.0000000 -0.1045285 0.9945219 0.0000000
-20.9990808 98.7929077 0.0000000 -0.2079117 0.9781476 0.0000000
-31.2107164 96.0567081 0.0000000 -0.3090170 0.9510565 0.0000000
-41.0804010 92.2680912 0.0000000 -0.4067366 0.9135455 0.0000000
-50.5000000 87.4685658 0.0000000 -0.5000000 0.8660254 0.0000000
-59.3663105 81.7107164 0.0000000 -0.5877853 0.8090170 0.0000000
-67.5821912 75.0576274 0.0000000 -0.6691306 0.7431448 0.0000000
-75.0576274 67.5821912 0.0000000 -0.7431448 0.6691306 0.0000000
-81.7107164 59.3663105 0.0000000 -0.8090170 0.5877853 0.0000000
-87.4685658 50.5000000 0.0000000 -0.8660254 0.5000000 0.0000000
-92.2680912 41.0804010 0.0000000 -0.9135455 0.4067366 0.0000000
-96.0567081 31.2107164 0.0000000 -0.9510565 0.3090170 0.0000000
-98.7929077 20.9990808 0.0000000 -0.9781476 0.2079117 0.0000000
-100.4467114 10.5573748 0.0000000 -0.9945219 0.1045285 0.0000000
-101.0000000 0.0000000 0.0000000 -1.0000000 0.0000000 0.0000000
-100.4467114 -10.5573748 0.0000000 -0.9945219 -0.1045285 0.0000000
-98.7929077 -20.9990808 0.0000000 -0.9781476 -0.2079117 0.0000000
-96.0567081 -31.2107164 0.0000000 -0.9510565 -0.3090170 0.0000000
-92.2680912 -41.0804010 0.0000000 -0.9135455 -0.4067366 0.0000000
-87.4685658 -50.5000000 0.0000000 -0.8660254 -0.5000000 0.0000000
-81.7107164 -59.3663105 0.0000000 -0.8090170 -0.5877853 0.0000000
-75.0576274 -67.5821912 0.0000000 -0.7431448 -0.6691306 0.0000000
-67.5821912 -75.0576274 0.0000000 -0.6691306 -0.7431448 0.0000000
-59.3663105 -81.7107164 0.0000000 -0.5877853 -0.8090170 0.0000000
-50.5000000 -87.4685658 0.0000000 -0.5000000 -0.8660254 0.0000000
-41.0804010 -92.2680912 0.0000000 -0.4067366 -0.9135455 0.0000000
-31.2107164 -96.0567081 0.0000000 -0.3090170 -0.9510565 0.0000000
-20.9990808 -98.7929077 0.0000000 -0.2079117 -0.9781476 0.0000000
-10.5573748 -100.4467114 0.0000000 -0.1045285 -0.9945219 0.0000000
-0.0000000 -101.0000000 0.0000000 -0.0000000 -1.0000000 0.0000000
10.5573748 -100.4467114 0.0000000 0.1045285 -0.9945219 0.0000000
20.9990808 -98.7929077 0.0000000 0.2079117 -0.9781476 0.0000000
31.2107164 -96.0567081 0.0000000 0.3090170 -0.9510565 0.0000000
41.0804010 -92.2680912 0.0000000 0.4067366 -0.9135455 0.0000000
50.5000000 -87.4685658 0.0000000 0.5000000 -0.8660254 0.0000000
59.3663105 -81.7107164 0.0000000 0.5877853 -0.8090170 0.0000000
67.5821912 -75.0576274 0.0000000 0.6691306 -0.7431448 0.0000000
75.0576274 -67.5821912 0.0000000 0.7431448 -0.6691306 0.0000000
81.7107164 -59.3663105 0.0000000 0.8090170 -0.5877853 0.0000000
87.4685658 -50.5000000 0.0000000 0.8660254 -0.5000000 0.0000000
92.2680912 -41.0804010 0.0000000 0.9135455 -0.4067366 0.0000000
96.0567081 -31.2107164 0.0000000 0.9510565 -0.3090170 0.0000000
98.7929077 -20.9990808 0.0000000 0.9781476 -0.2079117 0.0000000
100.4467114 -10.5573748 0.0000000 0.9945219 -0.1045285 0.0000000
101.0000000 -0.0000000 0.0000000 1.0000000 -0.0000000 0.0000000
