377.9183202 39.7208160 0.0000000 0.9945219 0.1045285 0.0000000
371.6960883 79.0064425 0.0000000 0.9781476 0.2079117 0.0000000
361.4014762 117.4264579 0.0000000 0.9510565 0.3090170 0.0000000
347.1472739 154.5599244 0.0000000 0.9135455 0.4067366 0.0000000
329.0896534 190.0000000 0.0000000 0.8660254 0.5000000 0.0000000
307.4264579 223.3583959 0.0000000 0.8090170 0.5877853 0.0000000
282.3950337 254.2696304 0.0000000 0.7431448 0.6691306 0.0000000
254.2696304 282.3950337 0.0000000 0.6691306 0.7431448 0.0000000
223.3583959 307.4264579 0.0000000 0.5877853 0.8090170 0.0000000
190.0000000 329.0896534 0.0000000 0.5000000 0.8660254 0.0000000
154.5599244 347.1472739 0.0000000 0.4067366 0.9135455 0.0000000
117.4264579 361.4014762 0.0000000 0.3090170 0.9510565 0.0000000
79.0064425 371.6960883 0.0000000 0.2079117 0.9781476 0.0000000
39.7208160 377.9183202 0.0000000 0.1045285 0.9945219 0.0000000
0.0000000 380.0000000 0.0000000 0.0000000 1.0000000 0.0000000
-39.7208160 377.9183202 0.0000000 -0.1045285 0.9945219 0.0000000
-79.0064425 371.6960883 0.0000000 -0.2079117 0.9781476 0.0000000
-117.4264579 361.4014762 0.0000000 -0.3090170 0.9510565 0.0000000
-154.5599244 347.1472739 0.0000000 -0.4067366 0.9135455 0.0000000
-190.0000000 329.0896534 0.0000000 -0.5000000 0.8660254 0.0000000
-223.3583959 307.4264579 0.0000000 -0.5877853 0.8090170 0.0000000
-254.2696304 282.3950337 0.0000000 -0.6691306 0.7431448 0.0000000
-282.3950337 254.2696304 0.0000000 -0.7431448 0.6691306 0.0000000
-307.4264579 223.3583959 0.0000000 -0.8090170 0.5877853 0.0000000
-329.0896534 190.0000000 0.0000000 -0.8660254 0.5000000 0.0000000
-347.1472739 154.5599244 0.0000000 -0.9135455 0.4067366 0.0000000
-361.4014762 117.4264579 0.0000000 -0.9510565 0.3090170 0.0000000
-371.6960883 79.0064425 0.0000000 -0.9781476 0.2079117 0.0000000
-377.9183202 39.7208160 0.0000000 -0.9945219 0.1045285 0.0000000
-380.0000000 0.0000000 0.0000000 -1.0000000 0.0000000 0.0000000
-377.9183202 -39.7208160 0.0000000 -0.9945219 -0.1045285 0.0000000
-371.6960883 -79.0064425 0.0000000 -0.9781476 -0.2079117 0.0000000
-361.4014762 -117.4264579 0.0000000 -0.9510565 -0.3090170 0.0000000
-347.1472739 -154.5599244 0.0000000 -0.9135455 -0.4067366 0.0000000
-329.0896534 -190.0000000 0.0000000 -0.8660254 -0.5000000 0.0000000
-307.4264579 -223.3583959 0.0000000 -0.8090170 -0.5877853 0.0000000
-282.3950337 -254.2696304 0.0000000 -0.7431448 -0.6691306 0.0000000
-254.2696304 -282.3950337 0.0000000 -0.6691306 -0.7431448 0.0000000
-223.3583959 -307.4264579 0.0000000 -0.5877853 -0.8090170 0.0000000
-190.0000000 -329.0896534 0.0000000 -0.5000000 -0.8660254 0.0000000
-154.5599244 -347.1472739 0.0000000 -0.4067366 -0.9135455 0.0000000
-117.4264579 -361.4014762 0.0000000 -0.3090170 -0.9510565 0.0000000
-79.0064425 -371.6960883 0.0000000 -0.2079117 -0.9781476 0.0000000
-39.7208160 -377.9183202 0.0000000 -0.1045285 -0.9945219 0.0000000
-0.0000000 -380.0000000 0.0000000 -0.0000000 -1.0000000 0.0000000
39.7208160 -377.9183202 0.0000000 0.1045285 -0.9945219 0.0000000
79.0064425 -371.6960883 0.0000000 0.2079117 -0.9781476 0.0000000
117.4264579 -361.4014762 0.0000000 0.3090170 -0.9510565 0.0000000
154.5599244 -347.1472739 0.0000000 0.4067366 -0.9135455 0.0000000
190.0000000 -329.0896534 0.0000000 0.5000000 -0.8660254 0.0000000
223.3583959 -307.4264579 0.0000000 0.5877853 -0.8090170 0.0000000
254.2696304 -282.3950337 0.0000000 0.6691306 -0.7431448 0.0000000
282.3950337 -254.2696304 0.0000000 0.7431448 -0.6691306 0.0000000
307.4264579 -223.3583959 0.0000000 0.8090170 -0.5877853 0.0000000
329.0896534 -190.0000000 0.0000000 0.8660254 -0.5000000 0.0000000
347.1472739 -154.5599244 0.0000000 0.9135455 -0.4067366 0.0000000
361.4014762 -117.4264579 0.0000000 0.9510565 -0.3090170 0.0000000
371.6960883 -79.0064425 0.0000000 0.9781476 -0.2079117 0.0000000
377.9183202 -39.7208160 0.0000000 0.9945219 -0.1045285 0.0000000
380.0000000 -0.0000000 0.0000000 1.0000000 -0.0000000 0.0000000
