529.0856483 55.6091425 0.0000000 0.9945219 0.1045285 0.0000000
520.3745236 110.6090195 0.0000000 0.9781476 0.2079117 0.0000000
505.9620667 164.3970410 0.0000000 0.9510565 0.3090170 0.0000000
486.0061835 216.3838941 0.0000000 0.9135455 0.4067366 0.0000000
460.7255148 266.0000000 0.0000000 0.8660254 0.5000000 0.0000000
430.3970410 312.7017542 0.0000000 0.8090170 0.5877853 0.0000000
395.3530472 355.9774826 0.0000000 0.7431448 0.6691306 0.0000000
355.9774826 395.3530472 0.0000000 0.6691306 0.7431448 0.0000000
312.7017542 430.3970410 0.0000000 0.5877853 0.8090170 0.0000000
266.0000000 460.7255148 0.0000000 0.5000000 0.8660254 0.0000000
216.3838941 486.0061835 0.0000000 0.4067366 0.9135455 0.0000000
164.3970410 505.9620667 0.0000000 0.3090170 0.9510565 0.0000000
110.6090195 520.3745236 0.0000000 0.2079117 0.9781476 0.0000000
55.6091425 529.0856483 0.0000000 0.1045285 0.9945219 0.0000000
0.0000000 532.0000000 0.0000000 0.0000000 1.0000000 0.0000000
-55.6091425 529.0856483 0.0000000 -0.1045285 0.9945219 0.0000000
-110.6090195 520.3745236 0.0000000 -0.2079117 0.9781476 0.0000000
-164.3970410 505.9620667 0.0000000 -0.3090170 0.9510565 0.0000000
-216.3838941 486.0061835 0.0000000 -0.4067366 0.9135455 0.0000000
-266.0000000 460.7255148 0.0000000 -0.5000000 0.8660254 0.0000000
-312.7017542 430.3970410 0.0000000 -0.5877853 0.8090170 0.0000000
-355.9774826 395.3530472 0.0000000 -0.6691306 0.7431448 0.0000000
-395.3530472 355.9774826 0.0000000 -0.7431448 0.6691306 0.0000000
-430.3970410 312.7017542 0.0000000 -0.8090170 0.5877853 0.0000000
-460.7255148 266.0000000 0.0000000 -0.8660254 0.5000000 0.0000000
-486.0061835 216.3838941 0.0000000 -0.9135455 0.4067366 0.0000000
-505.9620667 164.3970410 0.0000000 -0.9510565 0.3090170 0.0000000
-520.3745236 110.6090195 0.0000000 -0.9781476 0.2079117 0.0000000
-529.0856483 55.6091425 0.0000000 -0.9945219 0.1045285 0.0000000
-532.0000000 0.0000000 0.0000000 -1.0000000 0.0000000 0.0000000
-529.0856483 -55.6091425 0.0000000 -0.9945219 -0.1045285 0.0000000
-520.3745236 -110.6090195 0.0000000 -0.9781476 -0.2079117 0.0000000
-505.9620667 -164.3970410 0.0000000 -0.9510565 -0.3090170 0.0000000
-486.0061835 -216.3838941 0.0000000 -0.9135455 -0.4067366 0.0000000
-460.7255148 -266.0000000 0.0000000 -0.8660254 -0.5000000 0.0000000
-430.3970410 -312.7017542 0.0000000 -0.8090170 -0.5877853 0.0000000
-395.3530472 -355.9774826 0.0000000 -0.7431448 -0.6691306 0.0000000
-355.9774826 -395.3530472 0.0000000 -0.6691306 -0.7431448 0.0000000
-312.7017542 -430.3970410 0.0000000 -0.5877853 -0.8090170 0.0000000
-266.0000000 -460.7255148 0.0000000 -0.5000000 -0.8660254 0.0000000
-216.3838941 -486.0061835 0.0000000 -0.4067366 -0.9135455 0.0000000
-164.3970410 -505.9620667 0.0000000 -0.3090170 -0.9510565 0.0000000
-110.6090195 -520.3745236 0.0000000 -0.2079117 -0.9781476 0.0000000
-55.6091425 -529.0856483 0.0000000 -0.1045285 -0.9945219 0.0000000
-0.0000000 -532.0000000 0.0000000 -0.0000000 -1.0000000 0.0000000
55.6091425 -529.0856483 0.0000000 0.1045285 -0.9945219 0.0000000
110.6090195 -520.3745236 0.0000000 0.2079117 -0.9781476 0.0000000
164.3970410 -505.9620667 0.0000000 0.3090170 -0.9510565 0.0000000
216.3838941 -486.0061835 0.0000000 0.4067366 -0.9135455 0.0000000
266.0000000 -460.7255148 0.0000000 0.5000000 -0.8660254 0.0000000
312.7017542 -430.3970410 0.0000000 0.5877853 -0.8090170 0.0000000
355.9774826 -395.3530472 0.0000000 0.6691306 -0.7431448 0.0000000
395.3530472 -355.9774826 0.0000000 0.7431448 -0.6691306 0.0000000
430.3970410 -312.7017542 0.0000000 0.8090170 -0.5877853 0.0000000
460.7255148 -266.0000000 0.0000000 0.8660254 -0.5000000 0.0000000
486.0061835 -216.3838941 0.0000000 0.9135455 -0.4067366 0.0000000
505.9620667 -164.3970410 0.0000000 0.9510565 -0.3090170 0.0000000
520.3745236 -110.6090195 0.0000000 0.9781476 -0.2079117 0.0000000
529.0856483 -55.6091425 0.0000000 0.9945219 -0.1045285 0.0000000
532.0000000 -0.0000000 0.0000000 1.0000000 -0.0000000 0.0000000
