681.2474983 -71.6019973 0.0000000 0.9945219 -0.1045285 0.0000000
670.0311065 -142.4195082 0.0000000 0.9781476 -0.2079117 0.0000000
651.4737137 -211.6766411 0.0000000 0.9510565 -0.3090170 0.0000000
625.7786385 -278.6146005 0.0000000 0.9135455 -0.4067366 0.0000000
593.2274016 -342.5000000 0.0000000 0.8660254 -0.5000000 0.0000000
554.1766411 -402.6328978 0.0000000 0.8090170 -0.5877853 0.0000000
509.0542055 -458.3544654 0.0000000 0.7431448 -0.6691306 0.0000000
458.3544654 -509.0542055 0.0000000 0.6691306 -0.7431448 0.0000000
402.6328978 -554.1766411 0.0000000 0.5877853 -0.8090170 0.0000000
342.5000000 -593.2274016 0.0000000 0.5000000 -0.8660254 0.0000000
278.6146005 -625.7786385 0.0000000 0.4067366 -0.9135455 0.0000000
211.6766411 -651.4737137 0.0000000 0.3090170 -0.9510565 0.0000000
142.4195082 -670.0311065 0.0000000 0.2079117 -0.9781476 0.0000000
71.6019973 -681.2474983 0.0000000 0.1045285 -0.9945219 0.0000000
0.0000000 -685.0000000 0.0000000 0.0000000 -1.0000000 0.0000000
-71.6019973 -681.2474983 0.0000000 -0.1045285 -0.9945219 0.0000000
-142.4195082 -670.0311065 0.0000000 -0.2079117 -0.9781476 0.0000000
-211.6766411 -651.4737137 0.0000000 -0.3090170 -0.9510565 0.0000000
-278.6146005 -625.7786385 0.0000000 -0.4067366 -0.9135455 0.0000000
-342.5000000 -593.2274016 0.0000000 -0.5000000 -0.8660254 0.0000000
-402.6328978 -554.1766411 0.0000000 -0.5877853 -0.8090170 0.0000000
-458.3544654 -509.0542055 0.0000000 -0.6691306 -0.7431448 0.0000000
-509.0542055 -458.3544654 0.0000000 -0.7431448 -0.6691306 0.0000000
-554.1766411 -402.6328978 0.0000000 -0.8090170 -0.5877853 0.0000000
-593.2274016 -342.5000000 0.0000000 -0.8660254 -0.5000000 0.0000000
-625.7786385 -278.6146005 0.0000000 -0.9135455 -0.4067366 0.0000000
-651.4737137 -211.6766411 0.0000000 -0.9510565 -0.3090170 0.0000000
-670.0311065 -142.4195082 0.0000000 -0.9781476 -0.2079117 0.0000000
-681.2474983 -71.6019973 0.0000000 -0.9945219 -0.1045285 0.0000000
-685.0000000 -0.0000000 0.0000000 -1.0000000 -0.0000000 0.0000000
-681.2474983 71.6019973 0.0000000 -0.9945219 0.1045285 0.0000000
-670.0311065 142.4195082 0.0000000 -0.9781476 0.2079117 0.0000000
-651.4737137 211.6766411 0.0000000 -0.9510565 0.3090170 0.0000000
-625.7786385 278.6146005 0.0000000 -0.9135455 0.4067366 0.0000000
-593.2274016 342.5000000 0.0000000 -0.8660254 0.5000000 0.0000000
-554.1766411 402.6328978 0.0000000 -0.8090170 0.5877853 0.0000000
-509.0542055 458.3544654 0.0000000 -0.7431448 0.6691306 0.0000000
-458.3544654 509.0542055 0.0000000 -0.6691306 0.7431448 0.0000000
-402.6328978 554.1766411 0.0000000 -0.5877853 0.8090170 0.0000000
-342.5000000 593.2274016 0.0000000 -0.5000000 0.8660254 0.0000000
-278.6146005 625.7786385 0.0000000 -0.4067366 0.9135455 0.0000000
-211.6766411 651.4737137 0.0000000 -0.3090170 0.9510565 0.0000000
-142.4195082 670.0311065 0.0000000 -0.2079117 0.9781476 0.0000000
-71.6019973 681.2474983 0.0000000 -0.1045285 0.9945219 0.0000000
-0.0000000 685.0000000 0.0000000 -0.0000000 1.0000000 0.0000000
71.6019973 681.2474983 0.0000000 0.1045285 0.9945219 0.0000000
142.4195082 670.0311065 0.0000000 0.2079117 0.9781476 0.0000000
211.6766411 651.4737137 0.0000000 0.3090170 0.9510565 0.0000000
278.6146005 625.7786385 0.0000000 0.4067366 0.9135455 0.0000000
342.5000000 593.2274016 0.0000000 0.5000000 0.8660254 0.0000000
402.6328978 554.1766411 0.0000000 0.5877853 0.8090170 0.0000000
458.3544654 509.0542055 0.0000000 0.6691306 0.7431448 0.0000000
509.0542055 458.3544654 0.0000000 0.7431448 0.6691306 0.0000000
554.1766411 402.6328978 0.0000000 0.8090170 0.5877853 0.0000000
593.2274016 342.5000000 0.0000000 0.8660254 0.5000000 0.0000000
625.7786385 278.6146005 0.0000000 0.9135455 0.4067366 0.0000000
651.4737137 211.6766411 0.0000000 0.9510565 0.3090170 0.0000000
670.0311065 142.4195082 0.0000000 0.9781476 0.2079117 0.0000000
681.2474983 71.6019973 0.0000000 0.9945219 0.1045285 0.0000000
685.0000000 0.0000000 0.0000000 1.0000000 0.0000000 0.0000000
